# 
# Partial phonon density of states for q along a band structure path
# 
# Energy in Ha      , DOS in states/Ha
# Gaussian method with smearing =     0.2278167626E-04Ha      , nq =      61
# 
# omega     PHDOS 
#
  -1.37295942E-05   1.15237074E+05
  -9.17325897E-06   1.17912064E+05
  -4.61692371E-06   1.18153461E+05
  -6.05884613E-08   1.16779613E+05
   4.49574679E-06   1.14809747E+05
   9.05208204E-06   1.13260761E+05
   1.36084173E-05   1.12959746E+05
   1.81647525E-05   1.14417300E+05
   2.27210878E-05   1.17785948E+05
   2.72774231E-05   1.22901477E+05
   3.18337583E-05   1.29382035E+05
   3.63900936E-05   1.36747504E+05
   4.09464288E-05   1.44522686E+05
   4.55027641E-05   1.52300190E+05
   5.00590993E-05   1.59756892E+05
   5.46154346E-05   1.66634894E+05
   5.91717698E-05   1.72708551E+05
   6.37281051E-05   1.77760884E+05
   6.82844403E-05   1.81585961E+05
   7.28407756E-05   1.84021714E+05
   7.73971108E-05   1.85004286E+05
   8.19534461E-05   1.84624605E+05
   8.65097813E-05   1.83163657E+05
   9.10661166E-05   1.81086392E+05
   9.56224518E-05   1.78984796E+05
   1.00178787E-04   1.77475797E+05
   1.04735122E-04   1.77075002E+05
   1.09291458E-04   1.78077835E+05
   1.13847793E-04   1.80481506E+05
   1.18404128E-04   1.83972802E+05
   1.22960463E-04   1.87989826E+05
   1.27516799E-04   1.91845344E+05
   1.32073134E-04   1.94881792E+05
   1.36629469E-04   1.96618887E+05
   1.41185804E-04   1.96857273E+05
   1.45742140E-04   1.95714875E+05
   1.50298475E-04   1.93592096E+05
   1.54854810E-04   1.91081401E+05
   1.59411145E-04   1.88849712E+05
   1.63967481E-04   1.87524746E+05
   1.68523816E-04   1.87608894E+05
   1.73080151E-04   1.89430465E+05
   1.77636486E-04   1.93128125E+05
   1.82192822E-04   1.98656046E+05
   1.86749157E-04   2.05797425E+05
   1.91305492E-04   2.14181367E+05
   1.95861827E-04   2.23307512E+05
   2.00418163E-04   2.32588293E+05
   2.04974498E-04   2.41416224E+05
   2.09530833E-04   2.49253501E+05
   2.14087168E-04   2.55728250E+05
   2.18643504E-04   2.60712730E+05
   2.23199839E-04   2.64359238E+05
   2.27756174E-04   2.67080351E+05
   2.32312509E-04   2.69477415E+05
   2.36868845E-04   2.72237615E+05
   2.41425180E-04   2.76028410E+05
   2.45981515E-04   2.81415420E+05
   2.50537850E-04   2.88817601E+05
   2.55094186E-04   2.98497653E+05
   2.59650521E-04   3.10572758E+05
   2.64206856E-04   3.25025651E+05
   2.68763191E-04   3.41699815E+05
   2.73319527E-04   3.60272782E+05
   2.77875862E-04   3.80214140E+05
   2.82432197E-04   4.00745768E+05
   2.86988532E-04   4.20827959E+05
   2.91544868E-04   4.39194504E+05
   2.96101203E-04   4.54451384E+05
   3.00657538E-04   4.65238147E+05
   3.05213873E-04   4.70431233E+05
   3.09770209E-04   4.69350162E+05
   3.14326544E-04   4.61917820E+05
   3.18882879E-04   4.48730873E+05
   3.23439214E-04   4.31016581E+05
   3.27995550E-04   4.10482793E+05
   3.32551885E-04   3.89097904E+05
   3.37108220E-04   3.68855712E+05
   3.41664555E-04   3.51578725E+05
   3.46220891E-04   3.38792981E+05
   3.50777226E-04   3.31676030E+05
   3.55333561E-04   3.31050193E+05
   3.59889897E-04   3.37377841E+05
   3.64446232E-04   3.50720539E+05
   3.69002567E-04   3.70648113E+05
   3.73558902E-04   3.96117766E+05
   3.78115238E-04   4.25374151E+05
   3.82671573E-04   4.55935867E+05
   3.87227908E-04   4.84724334E+05
   3.91784243E-04   5.08357414E+05
   3.96340579E-04   5.23581338E+05
   4.00896914E-04   5.27765703E+05
   4.05453249E-04   5.19354657E+05
   4.10009584E-04   4.98165498E+05
   4.14565920E-04   4.65456889E+05
   4.19122255E-04   4.23744303E+05
   4.23678590E-04   3.76402815E+05
   4.28234925E-04   3.27147207E+05
   4.32791261E-04   2.79501750E+05
   4.37347596E-04   2.36362765E+05
   4.41903931E-04   1.99722676E+05
   4.46460266E-04   1.70578751E+05
   4.51016602E-04   1.49007845E+05
   4.55572937E-04   1.34360326E+05
   4.60129272E-04   1.25515468E+05
   4.64685607E-04   1.21143939E+05
   4.69241943E-04   1.19935213E+05
   4.73798278E-04   1.20763171E+05
   4.78354613E-04   1.22778266E+05
   4.82910948E-04   1.25427656E+05
   4.87467284E-04   1.28414908E+05
   4.92023619E-04   1.31617970E+05
   4.96579954E-04   1.34987773E+05
   5.01136289E-04   1.38450090E+05
   5.05692625E-04   1.41830630E+05
   5.10248960E-04   1.44818274E+05
   5.14805295E-04   1.46974431E+05
   5.19361630E-04   1.47788044E+05
   5.23917966E-04   1.46766411E+05
   5.28474301E-04   1.43542964E+05
   5.33030636E-04   1.37976780E+05
   5.37586971E-04   1.30217400E+05
   5.42143307E-04   1.20714306E+05
   5.46699642E-04   1.10162753E+05
   5.51255977E-04   9.93938882E+04
   5.55812312E-04   8.92323420E+04
   5.60368648E-04   8.03540112E+04
   5.64924983E-04   7.31773367E+04
   5.69481318E-04   6.78127366E+04
   5.74037653E-04   6.40797178E+04
   5.78593989E-04   6.15841463E+04
   5.83150324E-04   5.98340048E+04
   5.87706659E-04   5.83642215E+04
   5.92262994E-04   5.68411670E+04
   5.96819330E-04   5.51243796E+04
   6.01375665E-04   5.32746561E+04
   6.05932000E-04   5.15107750E+04
   6.10488335E-04   5.01288462E+04
   6.15044671E-04   4.94062274E+04
   6.19601006E-04   4.95146301E+04
   6.24157341E-04   5.04640112E+04
   6.28713676E-04   5.20907833E+04
   6.33270012E-04   5.40925472E+04
   6.37826347E-04   5.60996115E+04
   6.42382682E-04   5.77640237E+04
   6.46939017E-04   5.88423184E+04
   6.51495353E-04   5.92500852E+04
   6.56051688E-04   5.90744050E+04
   6.60608023E-04   5.85420064E+04
   6.65164358E-04   5.79532413E+04
   6.69720694E-04   5.76010759E+04
   6.74277029E-04   5.76976096E+04
   6.78833364E-04   5.83273667E+04
   6.83389699E-04   5.94379786E+04
   6.87946035E-04   6.08677307E+04
   6.92502370E-04   6.23992373E+04
   6.97058705E-04   6.38222023E+04
   7.01615040E-04   6.49873706E+04
   7.06171376E-04   6.58381280E+04
   7.10727711E-04   6.64139465E+04
   7.15284046E-04   6.68283112E+04
   7.19840381E-04   6.72303452E+04
   7.24396717E-04   6.77624114E+04
   7.28953052E-04   6.85252072E+04
   7.33509387E-04   6.95581732E+04
   7.38065722E-04   7.08379913E+04
   7.42622058E-04   7.22931453E+04
   7.47178393E-04   7.38290422E+04
   7.51734728E-04   7.53564808E+04
   7.56291063E-04   7.68162207E+04
   7.60847399E-04   7.81937932E+04
   7.65403734E-04   7.95211953E+04
   7.69960069E-04   8.08654152E+04
   7.74516405E-04   8.23072877E+04
   7.79072740E-04   8.39171155E+04
   7.83629075E-04   8.57347711E+04
   7.88185410E-04   8.77608498E+04
   7.92741746E-04   8.99618816E+04
   7.97298081E-04   9.22876905E+04
   8.01854416E-04   9.46945368E+04
   8.06410751E-04   9.71655613E+04
   8.10967087E-04   9.97212767E+04
   8.15523422E-04   1.02416943E+05
   8.20079757E-04   1.05328826E+05
   8.24636092E-04   1.08535197E+05
   8.29192428E-04   1.12098771E+05
   8.33748763E-04   1.16054876E+05
   8.38305098E-04   1.20405392E+05
   8.42861433E-04   1.25114910E+05
   8.47417769E-04   1.30104633E+05
   8.51974104E-04   1.35242119E+05
   8.56530439E-04   1.40329783E+05
   8.61086774E-04   1.45099680E+05
   8.65643110E-04   1.49223635E+05
   8.70199445E-04   1.52344848E+05
   8.74755780E-04   1.54130238E+05
   8.79312115E-04   1.54334477E+05
   8.83868451E-04   1.52860410E+05
   8.88424786E-04   1.49799089E+05
   8.92981121E-04   1.45436781E+05
   8.97537456E-04   1.40224642E+05
   9.02093792E-04   1.34716246E+05
   9.06650127E-04   1.29485475E+05
   9.11206462E-04   1.25040535E+05
   9.15762797E-04   1.21748671E+05
   9.20319133E-04   1.19782079E+05
   9.24875468E-04   1.19090689E+05
   9.29431803E-04   1.19403533E+05
   9.33988138E-04   1.20258019E+05
   9.38544474E-04   1.21054766E+05
   9.43100809E-04   1.21133750E+05
   9.47657144E-04   1.19864407E+05
   9.52213479E-04   1.16738393E+05
   9.56769815E-04   1.11450332E+05
   9.61326150E-04   1.03951051E+05
   9.65882485E-04   9.44610442E+04
   9.70438820E-04   8.34393180E+04
   9.74995156E-04   7.15126113E+04
   9.79551491E-04   5.93793308E+04
   9.84107826E-04   4.77082865E+04
   9.88664161E-04   3.70525508E+04
   9.93220497E-04   2.77935691E+04
   9.97776832E-04   2.01219500E+04
   1.00233317E-03   1.40521493E+04
   1.00688950E-03   9.46128884E+03
   1.01144584E-03   6.13922697E+03
   1.01600217E-03   3.83778871E+03
   1.02055851E-03   2.31059018E+03
   1.02511484E-03   1.33945554E+03
   1.02967118E-03   7.47483528E+02
   1.03422751E-03   4.01476553E+02
   1.03878385E-03   2.07506675E+02
   1.04334018E-03   1.03194010E+02
   1.04789652E-03   4.93710504E+01
   1.05245285E-03   2.27215120E+01
   1.05700919E-03   1.00578750E+01
   1.06156553E-03   4.28194824E+00
   1.06612186E-03   1.75310932E+00
   1.07067820E-03   6.90206238E-01
   1.07523453E-03   2.61290815E-01
   1.07979087E-03   9.51087947E-02
   1.08434720E-03   3.32848678E-02
   1.08890354E-03   1.11991023E-02
   1.09345987E-03   3.62254093E-03
   1.09801621E-03   1.12651532E-03
   1.10257254E-03   3.36962760E-04
   1.10712888E-03   9.77684748E-05
   1.11168521E-03   3.09693426E-05
   1.11624155E-03   2.42733527E-05
   1.12079788E-03   6.86654790E-05
   1.12535422E-03   2.50546195E-04
   1.12991055E-03   8.99429872E-04
   1.13446689E-03   3.10844842E-03
   1.13902322E-03   1.03276260E-02
   1.14357956E-03   3.29845119E-02
   1.14813590E-03   1.01270847E-01
   1.15269223E-03   2.98909488E-01
   1.15724857E-03   8.48191060E-01
   1.16180490E-03   2.31401469E+00
   1.16636124E-03   6.06986113E+00
   1.17091757E-03   1.53093165E+01
   1.17547391E-03   3.71299328E+01
   1.18003024E-03   8.65992015E+01
   1.18458658E-03   1.94248939E+02
   1.18914291E-03   4.19079437E+02
   1.19369925E-03   8.69700601E+02
   1.19825558E-03   1.73631073E+03
   1.20281192E-03   3.33522157E+03
   1.20736825E-03   6.16488266E+03
   1.21192459E-03   1.09673241E+04
   1.21648092E-03   1.87817723E+04
   1.22103726E-03   3.09692403E+04
   1.22559359E-03   4.91810029E+04
   1.23014993E-03   7.52440532E+04
   1.23470627E-03   1.10946871E+05
   1.23926260E-03   1.57730948E+05
   1.24381894E-03   2.16325030E+05
   1.24837527E-03   2.86392085E+05
   1.25293161E-03   3.66281363E+05
   1.25748794E-03   4.52977171E+05
   1.26204428E-03   5.42304749E+05
   1.26660061E-03   6.29394907E+05
   1.27115695E-03   7.09337515E+05
   1.27571328E-03   7.77892174E+05
   1.28026962E-03   8.32095224E+05
   1.28482595E-03   8.70619012E+05
   1.28938229E-03   8.93799967E+05
   1.29393862E-03   9.03338559E+05
   1.29849496E-03   9.01759813E+05
   1.30305129E-03   8.91781279E+05
   1.30760763E-03   8.75749972E+05
   1.31216396E-03   8.55279288E+05
   1.31672030E-03   8.31153455E+05
   1.32127663E-03   8.03491298E+05
   1.32583297E-03   7.72094673E+05
   1.33038931E-03   7.36866672E+05
   1.33494564E-03   6.98178270E+05
   1.33950198E-03   6.57087541E+05
   1.34405831E-03   6.15362536E+05
   1.34861465E-03   5.75312367E+05
   1.35317098E-03   5.39475924E+05
   1.35772732E-03   5.10243281E+05
   1.36228365E-03   4.89487990E+05
   1.36683999E-03   4.78273213E+05
   1.37139632E-03   4.76670045E+05
   1.37595266E-03   4.83702120E+05
   1.38050899E-03   4.97412912E+05
   1.38506533E-03   5.15042537E+05
   1.38962166E-03   5.33296302E+05
   1.39417800E-03   5.48683193E+05
   1.39873433E-03   5.57895873E+05
   1.40329067E-03   5.58194489E+05
   1.40784700E-03   5.47747870E+05
   1.41240334E-03   5.25882198E+05
   1.41695968E-03   4.93193147E+05
   1.42151601E-03   4.51494221E+05
   1.42607235E-03   4.03599834E+05
   1.43062868E-03   3.52971172E+05
   1.43518502E-03   3.03279338E+05
   1.43974135E-03   2.57956865E+05
   1.44429769E-03   2.19811290E+05
   1.44885402E-03   1.90762448E+05
   1.45341036E-03   1.71741621E+05
   1.45796669E-03   1.62760977E+05
   1.46252303E-03   1.63131827E+05
   1.46707936E-03   1.71784746E+05
   1.47163570E-03   1.87626715E+05
   1.47619203E-03   2.09861736E+05
   1.48074837E-03   2.38203268E+05
   1.48530470E-03   2.72920453E+05
   1.48986104E-03   3.14686523E+05
   1.49441737E-03   3.64235913E+05
   1.49897371E-03   4.21882513E+05
   1.50353004E-03   4.86996494E+05
   1.50808638E-03   5.57569194E+05
   1.51264272E-03   6.30001457E+05
   1.51719905E-03   6.99221295E+05
   1.52175539E-03   7.59171132E+05
   1.52631172E-03   8.03614778E+05
   1.53086806E-03   8.27122572E+05
   1.53542439E-03   8.26028237E+05
   1.53998073E-03   7.99137170E+05
   1.54453706E-03   7.48013144E+05
