# Total Phonon DOS 
# Structure number  1
    0.00000    0.02209945
    6.15068    0.01657459
   12.30135    0.00552486
   18.45203    0.02762431
   24.60271    0.00552486
   30.75338    0.01657459
   36.90406    0.02209945
   43.05473    0.02209945
   49.20541    0.01104972
   55.35609    0.02762431
   61.50676    0.01657459
   67.65744    0.02762431
   73.80812    0.02762431
   79.95879    0.01657459
   86.10947    0.01657459
   92.26015    0.02209945
   98.41082    0.01104972
  104.56150    0.02209945
  110.71218    0.02209945
  116.86285    0.01104972
  123.01353    0.03314917
  129.16420    0.06077348
  135.31488    0.01104972
  141.46556    0.01104972
  147.61623    0.00552486
  153.76691    0.00552486
  159.91759    0.01104972
  166.06826    0.01104972
  172.21894    0.01657459
  178.36962    0.00552486
  184.52029    0.01657459
  190.67097    0.00552486
  196.82164    0.01657459
  202.97232    0.01104972
  209.12300    0.01657459
  215.27367    0.01104972
  221.42435    0.01657459
  227.57503    0.04419890
  233.72570    0.02209945
  239.87638    0.03314917
  246.02706    0.03867403
  252.17773    0.01104972
  258.32841    0.01104972
  264.47909    0.00000000
  270.62976    0.00552486
  276.78044    0.01104972
  282.93111    0.00000000
  289.08179    0.00552486
  295.23247    0.01657459
  301.38314    0.00552486
  307.53382    0.00000000
  313.68450    0.01657459
  319.83517    0.00000000
  325.98585    0.01104972
  332.13653    0.00552486
  338.28720    0.00552486
  344.43788    0.02209945
  350.58855    0.00552486
  356.73923    0.01657459
  362.88991    0.02209945
  369.04058    0.00552486
  375.19126    0.01104972
  381.34194    0.01104972
  387.49261    0.02762431
