# Total Phonon DOS 
# Structure number  1
    0.00000    0.00547945
    5.16482    0.01369863
   10.32963    0.01095890
   15.49445    0.01917808
   20.65927    0.00821918
   25.82409    0.01643836
   30.98890    0.02465753
   36.15372    0.00821918
   41.31854    0.01369863
   46.48336    0.01917808
   51.64817    0.02465753
   56.81299    0.03561644
   61.97781    0.01917808
   67.14263    0.01643836
   72.30744    0.01095890
   77.47226    0.01917808
   82.63708    0.02191781
   87.80190    0.04383562
   92.96671    0.00547945
   98.13153    0.01095890
  103.29635    0.00273973
  108.46117    0.00273973
  113.62598    0.00547945
  118.79080    0.01095890
  123.95562    0.00273973
  129.12043    0.01095890
  134.28525    0.00547945
  139.45007    0.00547945
  144.61489    0.00000000
  149.77970    0.00273973
  154.94452    0.00547945
  160.10934    0.00273973
  165.27416    0.00273973
  170.43897    0.00273973
  175.60379    0.00547945
  180.76861    0.00547945
  185.93343    0.00000000
  191.09824    0.00547945
  196.26306    0.00547945
  201.42788    0.01095890
  206.59270    0.00958904
  211.75751    0.00547945
  216.92233    0.00000000
  222.08715    0.00547945
  227.25197    0.00547945
  232.41678    0.00547945
  237.58160    0.01917808
  242.74642    0.00000000
  247.91123    0.00000000
  253.07605    0.00000000
  258.24087    0.00000000
  263.40569    0.00000000
  268.57050    0.00000000
  273.73532    0.00000000
  278.90014    0.01095890
  284.06496    0.01643836
  289.22977    0.09863014
  294.39459    0.13698630
  299.55941    0.09589041
  304.72423    0.02465753
  309.88904    0.02465753
  315.05386    0.05479452
  320.21868    0.01917808
  325.38350    0.02328767
