Phon freq 
cell
3.854   3.854   3.854  60.000000  60.000000  60.000000

fractional
Zn 0.000000 0.000000 0.000000 
S 0.25 0.25 0.25

species
Zn core 2.0000
S core 672.280064
S shell 0.390000

buckingham 
Zn core S shell 4189.22066 0.291632950 0.0 0.0 12.00
S shell S shell 3390.87737 0.139698226 0.0 0.0 12.00

three exponential
S shell Zn core S shell 347725.661 109.47 0.0196448217 0.0196448217 0.0 2.4 0.0 2.4 0.0 3.9

#tortaper
#Zn core S shell Zn core S shell knn7 knn8 0.01 2.4 2.4 2.4 6.0

spring
S 1200.000000

#twist + 1

shrink
1 1 1



gamma_direction_of_approach  1.0 0 0
kpoints 61
0 0 0
0.025 0 0.025
0.05 0 0.05
0.075 0 0.075
0.1 0 0.1
0.125 0 0.125
0.15 0 0.15
0.175 0 0.175
0.2 0 0.2
0.225 0 0.225
0.25 0 0.25
0.275 0 0.275
0.3 0 0.3
0.325 0 0.325
0.35 0 0.35
0.375 0 0.375
0.4 0 0.4
0.425 0 0.425
0.45 0 0.45
0.475 0 0.475
0.5 0 0.5
0.525 0.05 0.525
0.55 0.1 0.55
0.575 0.15 0.575
0.6 0.2 0.6
0.625 0.25 0.625
0.65 0.3 0.65
0.675 0.35 0.675
0.7 0.4 0.7
0.725 0.45 0.725
0.75 0.5 0.75
0.775 0.55 0.775
0.8 0.6 0.8
0.825 0.65 0.825
0.85 0.7 0.85
0.875 0.75 0.875
0.9 0.8 0.9
0.925 0.85 0.925
0.95 0.9 0.95
0.975 0.95 0.975
0 0 0
0.975 0.975 0.975
0.95 0.95 0.95
0.925 0.925 0.925
0.9 0.9 0.9
0.875 0.875 0.875
0.85 0.85 0.85
0.825 0.825 0.825
0.8 0.8 0.8
0.775 0.775 0.775
0.75 0.75 0.75
0.725 0.725 0.725
0.7 0.7 0.7
0.675 0.675 0.675
0.65 0.65 0.65
0.625 0.625 0.625
0.6 0.6 0.6
0.575 0.575 0.575
0.55 0.55 0.55
0.525 0.525 0.525
0.5 0.5 0.5

output phon xyz


