# Total Phonon DOS 
# Structure number  1
    0.00000    0.01907357
    6.80974    0.02179837
   13.61947    0.02724796
   20.42921    0.02179837
   27.23895    0.02724796
   34.04869    0.01907357
   40.85842    0.04087193
   47.66816    0.03814714
   54.47790    0.01907357
   61.28763    0.01362398
   68.09737    0.01362398
   74.90711    0.01362398
   81.71685    0.02179837
   88.52658    0.01907357
   95.33632    0.03269755
  102.14606    0.00817439
  108.95579    0.00817439
  115.76553    0.00544959
  122.57527    0.00817439
  129.38500    0.00272480
  136.19474    0.00817439
  143.00448    0.00817439
  149.81422    0.00817439
  156.62395    0.01089918
  163.43369    0.00272480
  170.24343    0.00817439
  177.05316    0.00000000
  183.86290    0.00817439
  190.67264    0.00272480
  197.48238    0.00544959
  204.29211    0.00544959
  211.10185    0.00817439
  217.91159    0.01089918
  224.72132    0.01089918
  231.53106    0.00817439
  238.34080    0.00953678
  245.15054    0.00000000
  251.96027    0.00000000
  258.77001    0.00000000
  265.57975    0.00000000
  272.38948    0.00000000
  279.19922    0.00000000
  286.00896    0.00000000
  292.81870    0.00000000
  299.62843    0.00000000
  306.43817    0.00000000
  313.24791    0.01089918
  320.05764    0.00544959
  326.86738    0.05722071
  333.67712    0.27247956
  340.48685    0.01907357
  347.29659    0.01498638
  354.10633    0.01089918
  360.91607    0.00544959
  367.72580    0.00544959
  374.53554    0.00544959
  381.34528    0.00817439
  388.15501    0.00544959
  394.96475    0.00817439
  401.77449    0.00817439
  408.58423    0.00817439
  415.39396    0.01089918
  422.20370    0.01362398
  429.01344    0.03269755
