#  Section number =   1  Configuration =   1
#  Start K point =   0.000000  0.000000  0.000000
#  Final K point =   0.100000  0.000000  0.100000
   1    -0.000002
   1     0.000003
   1     0.000005
   1   248.523216
   1   248.523216
   1   348.082231
   2     0.079009
   2     0.079009
   2     0.123575
   2   248.523214
   2   248.523214
   2   348.082221
   3     0.158019
   3     0.158019
   3     0.247149
   3   248.523208
   3   248.523208
   3   348.082188
   4     0.237028
   4     0.237028
   4     0.370724
   4   248.523199
   4   248.523199
   4   348.082135
   5     0.316037
   5     0.316037
   5     0.494299
   5   248.523185
   5   248.523185
   5   348.082060
   6     0.395046
   6     0.395046
   6     0.617873
   6   248.523168
   6   248.523168
   6   348.081964
   7     0.474054
   7     0.474054
   7     0.741448
   7   248.523148
   7   248.523148
   7   348.081847
   8     0.553063
   8     0.553063
   8     0.865022
   8   248.523123
   8   248.523123
   8   348.081708
   9     0.632071
   9     0.632071
   9     0.988596
   9   248.523095
   9   248.523095
   9   348.081548
  10     0.711078
  10     0.711078
  10     1.112171
  10   248.523063
  10   248.523063
  10   348.081366
  11     0.790086
  11     0.790086
  11     1.235745
  11   248.523027
  11   248.523027
  11   348.081163
  12     0.869092
  12     0.869092
  12     1.359319
  12   248.522987
  12   248.522987
  12   348.080939
  13     0.948099
  13     0.948099
  13     1.482893
  13   248.522944
  13   248.522944
  13   348.080693
  14     1.027105
  14     1.027105
  14     1.606466
  14   248.522896
  14   248.522896
  14   348.080426
  15     1.106110
  15     1.106110
  15     1.730040
  15   248.522845
  15   248.522845
  15   348.080137
  16     1.185114
  16     1.185114
  16     1.853613
  16   248.522790
  16   248.522791
  16   348.079828
  17     1.264118
  17     1.264118
  17     1.977187
  17   248.522732
  17   248.522732
  17   348.079496
  18     1.343121
  18     1.343121
  18     2.100760
  18   248.522670
  18   248.522670
  18   348.079144
  19     1.422124
  19     1.422124
  19     2.224332
  19   248.522603
  19   248.522603
  19   348.078770
  20     1.501125
  20     1.501125
  20     2.347905
  20   248.522534
  20   248.522534
  20   348.078375
  21     1.580126
  21     1.580126
  21     2.471477
  21   248.522460
  21   248.522460
  21   348.077958
  22     1.659126
  22     1.659126
  22     2.595050
  22   248.522382
  22   248.522382
  22   348.077520
  23     1.738124
  23     1.738124
  23     2.718622
  23   248.522301
  23   248.522301
  23   348.077061
  24     1.817122
  24     1.817122
  24     2.842193
  24   248.522216
  24   248.522216
  24   348.076580
  25     1.896119
  25     1.896119
  25     2.965765
  25   248.522127
  25   248.522127
  25   348.076078
  26     1.975115
  26     1.975115
  26     3.089336
  26   248.522035
  26   248.522035
  26   348.075555
  27     2.054109
  27     2.054109
  27     3.212906
  27   248.521938
  27   248.521938
  27   348.075010
  28     2.133103
  28     2.133103
  28     3.336477
  28   248.521838
  28   248.521838
  28   348.074444
  29     2.212095
  29     2.212095
  29     3.460047
  29   248.521734
  29   248.521734
  29   348.073856
  30     2.291086
  30     2.291086
  30     3.583617
  30   248.521627
  30   248.521627
  30   348.073247
  31     2.370075
  31     2.370075
  31     3.707186
  31   248.521515
  31   248.521515
  31   348.072617
  32     2.449063
  32     2.449063
  32     3.830755
  32   248.521400
  32   248.521400
  32   348.071965
  33     2.528050
  33     2.528050
  33     3.954324
  33   248.521281
  33   248.521281
  33   348.071292
  34     2.607035
  34     2.607035
  34     4.077893
  34   248.521158
  34   248.521158
  34   348.070598
  35     2.686019
  35     2.686019
  35     4.201461
  35   248.521031
  35   248.521031
  35   348.069882
  36     2.765002
  36     2.765002
  36     4.325028
  36   248.520901
  36   248.520901
  36   348.069145
  37     2.843982
  37     2.843982
  37     4.448595
  37   248.520767
  37   248.520767
  37   348.068386
  38     2.922961
  38     2.922961
  38     4.572162
  38   248.520629
  38   248.520629
  38   348.067607
  39     3.001939
  39     3.001939
  39     4.695728
  39   248.520487
  39   248.520487
  39   348.066805
  40     3.080914
  40     3.080914
  40     4.819294
  40   248.520342
  40   248.520342
  40   348.065983
  41     3.159888
  41     3.159888
  41     4.942859
  41   248.520192
  41   248.520193
  41   348.065139
  42     3.238860
  42     3.238860
  42     5.066424
  42   248.520039
  42   248.520040
  42   348.064274
  43     3.317830
  43     3.317830
  43     5.189989
  43   248.519883
  43   248.519883
  43   348.063387
  44     3.396799
  44     3.396799
  44     5.313553
  44   248.519722
  44   248.519722
  44   348.062479
  45     3.475765
  45     3.475765
  45     5.437116
  45   248.519558
  45   248.519558
  45   348.061549
  46     3.554729
  46     3.554729
  46     5.560679
  46   248.519390
  46   248.519390
  46   348.060599
  47     3.633692
  47     3.633692
  47     5.684241
  47   248.519218
  47   248.519218
  47   348.059626
  48     3.712652
  48     3.712652
  48     5.807803
  48   248.519042
  48   248.519042
  48   348.058633
  49     3.791610
  49     3.791610
  49     5.931364
  49   248.518862
  49   248.518863
  49   348.057618
  50     3.870566
  50     3.870566
  50     6.054925
  50   248.518679
  50   248.518679
  50   348.056582
  51     3.949520
  51     3.949520
  51     6.178485
  51   248.518492
  51   248.518492
  51   348.055524
  52     4.028471
  52     4.028471
  52     6.302044
  52   248.518301
  52   248.518301
  52   348.054445
  53     4.107420
  53     4.107420
  53     6.425603
  53   248.518107
  53   248.518107
  53   348.053345
  54     4.186367
  54     4.186367
  54     6.549161
  54   248.517908
  54   248.517909
  54   348.052223
  55     4.265311
  55     4.265311
  55     6.672719
  55   248.517706
  55   248.517706
  55   348.051080
  56     4.344253
  56     4.344253
  56     6.796276
  56   248.517500
  56   248.517501
  56   348.049916
  57     4.423192
  57     4.423192
  57     6.919832
  57   248.517291
  57   248.517291
  57   348.048730
  58     4.502129
  58     4.502129
  58     7.043388
  58   248.517077
  58   248.517077
  58   348.047523
  59     4.581064
  59     4.581064
  59     7.166943
  59   248.516860
  59   248.516860
  59   348.046294
  60     4.659995
  60     4.659995
  60     7.290497
  60   248.516639
  60   248.516639
  60   348.045044
  61     4.738924
  61     4.738924
  61     7.414050
  61   248.516414
  61   248.516414
  61   348.043773
  62     4.817850
  62     4.817850
  62     7.537603
  62   248.516186
  62   248.516186
  62   348.042480
  63     4.896774
  63     4.896774
  63     7.661155
  63   248.515953
  63   248.515954
  63   348.041166
  64     4.975694
  64     4.975694
  64     7.784707
  64   248.515717
  64   248.515717
  64   348.039831
  65     5.054612
  65     5.054612
  65     7.908257
  65   248.515478
  65   248.515478
  65   348.038474
  66     5.133527
  66     5.133527
  66     8.031807
  66   248.515234
  66   248.515234
  66   348.037096
  67     5.212439
  67     5.212439
  67     8.155356
  67   248.514986
  67   248.514987
  67   348.035696
  68     5.291348
  68     5.291348
  68     8.278904
  68   248.514735
  68   248.514735
  68   348.034275
  69     5.370254
  69     5.370254
  69     8.402452
  69   248.514480
  69   248.514480
  69   348.032833
  70     5.449157
  70     5.449157
  70     8.525999
  70   248.514222
  70   248.514222
  70   348.031369
  71     5.528056
  71     5.528056
  71     8.649544
  71   248.513959
  71   248.513959
  71   348.029884
  72     5.606953
  72     5.606953
  72     8.773089
  72   248.513693
  72   248.513693
  72   348.028378
  73     5.685846
  73     5.685846
  73     8.896634
  73   248.513423
  73   248.513423
  73   348.026850
  74     5.764736
  74     5.764736
  74     9.020177
  74   248.513149
  74   248.513149
  74   348.025301
  75     5.843623
  75     5.843623
  75     9.143719
  75   248.512871
  75   248.512871
  75   348.023731
  76     5.922506
  76     5.922506
  76     9.267261
  76   248.512590
  76   248.512590
  76   348.022139
  77     6.001386
  77     6.001386
  77     9.390802
  77   248.512305
  77   248.512305
  77   348.020526
  78     6.080263
  78     6.080263
  78     9.514341
  78   248.512016
  78   248.512016
  78   348.018891
  79     6.159136
  79     6.159136
  79     9.637880
  79   248.511723
  79   248.511723
  79   348.017235
  80     6.238005
  80     6.238005
  80     9.761418
  80   248.511427
  80   248.511427
  80   348.015558
  81     6.316871
  81     6.316871
  81     9.884955
  81   248.511127
  81   248.511127
  81   348.013859
  82     6.395733
  82     6.395733
  82    10.008491
  82   248.510823
  82   248.510823
  82   348.012139
  83     6.474592
  83     6.474592
  83    10.132026
  83   248.510515
  83   248.510515
  83   348.010397
  84     6.553447
  84     6.553447
  84    10.255560
  84   248.510203
  84   248.510203
  84   348.008635
  85     6.632298
  85     6.632298
  85    10.379093
  85   248.509888
  85   248.509888
  85   348.006850
  86     6.711145
  86     6.711145
  86    10.502625
  86   248.509569
  86   248.509569
  86   348.005045
  87     6.789989
  87     6.789989
  87    10.626156
  87   248.509246
  87   248.509246
  87   348.003218
  88     6.868828
  88     6.868828
  88    10.749686
  88   248.508919
  88   248.508919
  88   348.001370
  89     6.947664
  89     6.947664
  89    10.873215
  89   248.508589
  89   248.508589
  89   347.999500
  90     7.026496
  90     7.026496
  90    10.996743
  90   248.508255
  90   248.508255
  90   347.997609
  91     7.105323
  91     7.105323
  91    11.120270
  91   248.507917
  91   248.507917
  91   347.995696
  92     7.184147
  92     7.184147
  92    11.243796
  92   248.507575
  92   248.507575
  92   347.993763
  93     7.262966
  93     7.262966
  93    11.367320
  93   248.507230
  93   248.507230
  93   347.991807
  94     7.341781
  94     7.341781
  94    11.490844
  94   248.506881
  94   248.506881
  94   347.989831
  95     7.420592
  95     7.420592
  95    11.614366
  95   248.506528
  95   248.506528
  95   347.987833
  96     7.499399
  96     7.499399
  96    11.737888
  96   248.506171
  96   248.506171
  96   347.985814
  97     7.578202
  97     7.578202
  97    11.861408
  97   248.505810
  97   248.505810
  97   347.983773
  98     7.657000
  98     7.657000
  98    11.984927
  98   248.505446
  98   248.505446
  98   347.981711
  99     7.735793
  99     7.735793
  99    12.108445
  99   248.505078
  99   248.505078
  99   347.979627
 100     7.814583
 100     7.814583
 100    12.231961
 100   248.504706
 100   248.504706
 100   347.977523
 101     7.893367
 101     7.893367
 101    12.355477
 101   248.504331
 101   248.504331
 101   347.975396
 102     7.972148
 102     7.972148
 102    12.478991
 102   248.503951
 102   248.503951
 102   347.973249
 103     8.050923
 103     8.050923
 103    12.602505
 103   248.503568
 103   248.503568
 103   347.971080
 104     8.129694
 104     8.129694
 104    12.726016
 104   248.503181
 104   248.503181
 104   347.968890
 105     8.208461
 105     8.208461
 105    12.849527
 105   248.502791
 105   248.502791
 105   347.966678
 106     8.287223
 106     8.287223
 106    12.973037
 106   248.502396
 106   248.502396
 106   347.964445
 107     8.365980
 107     8.365980
 107    13.096545
 107   248.501998
 107   248.501998
 107   347.962190
 108     8.444732
 108     8.444732
 108    13.220052
 108   248.501596
 108   248.501596
 108   347.959915
 109     8.523479
 109     8.523479
 109    13.343557
 109   248.501190
 109   248.501191
 109   347.957617
 110     8.602221
 110     8.602221
 110    13.467062
 110   248.500781
 110   248.500781
 110   347.955299
 111     8.680959
 111     8.680959
 111    13.590565
 111   248.500368
 111   248.500368
 111   347.952959
 112     8.759692
 112     8.759692
 112    13.714067
 112   248.499951
 112   248.499951
 112   347.950597
 113     8.838419
 113     8.838419
 113    13.837567
 113   248.499530
 113   248.499530
 113   347.948215
 114     8.917141
 114     8.917141
 114    13.961066
 114   248.499106
 114   248.499106
 114   347.945811
 115     8.995859
 115     8.995859
 115    14.084564
 115   248.498677
 115   248.498677
 115   347.943385
 116     9.074571
 116     9.074571
 116    14.208060
 116   248.498245
 116   248.498245
 116   347.940938
 117     9.153278
 117     9.153278
 117    14.331555
 117   248.497809
 117   248.497810
 117   347.938470
 118     9.231980
 118     9.231980
 118    14.455049
 118   248.497370
 118   248.497370
 118   347.935980
 119     9.310676
 119     9.310676
 119    14.578541
 119   248.496927
 119   248.496927
 119   347.933469
 120     9.389367
 120     9.389367
 120    14.702032
 120   248.496480
 120   248.496480
 120   347.930937
 121     9.468053
 121     9.468053
 121    14.825521
 121   248.496029
 121   248.496029
 121   347.928383
 122     9.546733
 122     9.546733
 122    14.949009
 122   248.495574
 122   248.495574
 122   347.925808
 123     9.625408
 123     9.625408
 123    15.072496
 123   248.495116
 123   248.495116
 123   347.923212
 124     9.704077
 124     9.704077
 124    15.195981
 124   248.494654
 124   248.494654
 124   347.920594
 125     9.782741
 125     9.782741
 125    15.319464
 125   248.494188
 125   248.494188
 125   347.917954
 126     9.861399
 126     9.861399
 126    15.442946
 126   248.493718
 126   248.493718
 126   347.915294
 127     9.940052
 127     9.940052
 127    15.566427
 127   248.493245
 127   248.493245
 127   347.912612
 128    10.018699
 128    10.018699
 128    15.689906
 128   248.492768
 128   248.492768
 128   347.909908
 129    10.097340
 129    10.097340
 129    15.813384
 129   248.492287
 129   248.492287
 129   347.907183
 130    10.175975
 130    10.175975
 130    15.936860
 130   248.491802
 130   248.491802
 130   347.904437
 131    10.254604
 131    10.254604
 131    16.060334
 131   248.491314
 131   248.491314
 131   347.901670
 132    10.333228
 132    10.333228
 132    16.183807
 132   248.490822
 132   248.490822
 132   347.898881
 133    10.411846
 133    10.411846
 133    16.307278
 133   248.490326
 133   248.490326
 133   347.896070
 134    10.490457
 134    10.490457
 134    16.430748
 134   248.489826
 134   248.489826
 134   347.893239
 135    10.569063
 135    10.569063
 135    16.554216
 135   248.489323
 135   248.489323
 135   347.890386
 136    10.647663
 136    10.647663
 136    16.677683
 136   248.488815
 136   248.488815
 136   347.887511
 137    10.726256
 137    10.726256
 137    16.801148
 137   248.488304
 137   248.488305
 137   347.884615
 138    10.804844
 138    10.804844
 138    16.924611
 138   248.487790
 138   248.487790
 138   347.881698
 139    10.883425
 139    10.883425
 139    17.048073
 139   248.487271
 139   248.487271
 139   347.878759
 140    10.962000
 140    10.962000
 140    17.171533
 140   248.486749
 140   248.486749
 140   347.875799
 141    11.040569
 141    11.040569
 141    17.294991
 141   248.486223
 141   248.486223
 141   347.872818
 142    11.119131
 142    11.119131
 142    17.418448
 142   248.485694
 142   248.485694
 142   347.869815
 143    11.197687
 143    11.197687
 143    17.541903
 143   248.485160
 143   248.485160
 143   347.866791
 144    11.276237
 144    11.276237
 144    17.665356
 144   248.484623
 144   248.484623
 144   347.863745
 145    11.354780
 145    11.354780
 145    17.788808
 145   248.484082
 145   248.484082
 145   347.860678
 146    11.433317
 146    11.433317
 146    17.912258
 146   248.483537
 146   248.483537
 146   347.857590
 147    11.511847
 147    11.511847
 147    18.035706
 147   248.482989
 147   248.482989
 147   347.854480
 148    11.590370
 148    11.590370
 148    18.159152
 148   248.482437
 148   248.482437
 148   347.851349
 149    11.668887
 149    11.668887
 149    18.282597
 149   248.481881
 149   248.481881
 149   347.848196
 150    11.747398
 150    11.747398
 150    18.406040
 150   248.481321
 150   248.481321
 150   347.845022
 151    11.825901
 151    11.825901
 151    18.529481
 151   248.480758
 151   248.480758
 151   347.841827
 152    11.904398
 152    11.904398
 152    18.652920
 152   248.480190
 152   248.480190
 152   347.838610
 153    11.982888
 153    11.982888
 153    18.776358
 153   248.479620
 153   248.479620
 153   347.835372
 154    12.061371
 154    12.061371
 154    18.899793
 154   248.479045
 154   248.479045
 154   347.832113
 155    12.139847
 155    12.139847
 155    19.023227
 155   248.478466
 155   248.478466
 155   347.828832
 156    12.218317
 156    12.218317
 156    19.146659
 156   248.477884
 156   248.477884
 156   347.825530
 157    12.296779
 157    12.296779
 157    19.270089
 157   248.477298
 157   248.477298
 157   347.822206
 158    12.375234
 158    12.375234
 158    19.393518
 158   248.476709
 158   248.476709
 158   347.818861
 159    12.453682
 159    12.453682
 159    19.516944
 159   248.476115
 159   248.476115
 159   347.815495
 160    12.532123
 160    12.532123
 160    19.640368
 160   248.475518
 160   248.475518
 160   347.812107
 161    12.610557
 161    12.610557
 161    19.763791
 161   248.474917
 161   248.474917
 161   347.808697
 162    12.688984
 162    12.688984
 162    19.887212
 162   248.474313
 162   248.474313
 162   347.805267
 163    12.767404
 163    12.767404
 163    20.010630
 163   248.473704
 163   248.473704
 163   347.801815
 164    12.845816
 164    12.845816
 164    20.134047
 164   248.473092
 164   248.473092
 164   347.798341
 165    12.924221
 165    12.924221
 165    20.257462
 165   248.472476
 165   248.472476
 165   347.794847
 166    13.002618
 166    13.002618
 166    20.380875
 166   248.471857
 166   248.471857
 166   347.791330
 167    13.081008
 167    13.081008
 167    20.504286
 167   248.471233
 167   248.471233
 167   347.787793
 168    13.159391
 168    13.159391
 168    20.627695
 168   248.470606
 168   248.470606
 168   347.784234
 169    13.237766
 169    13.237766
 169    20.751102
 169   248.469975
 169   248.469976
 169   347.780653
 170    13.316133
 170    13.316133
 170    20.874507
 170   248.469341
 170   248.469341
 170   347.777052
 171    13.394493
 171    13.394493
 171    20.997909
 171   248.468703
 171   248.468703
 171   347.773428
 172    13.472845
 172    13.472845
 172    21.121310
 172   248.468061
 172   248.468061
 172   347.769784
 173    13.551190
 173    13.551190
 173    21.244709
 173   248.467415
 173   248.467415
 173   347.766118
 174    13.629527
 174    13.629527
 174    21.368106
 174   248.466765
 174   248.466765
 174   347.762430
 175    13.707856
 175    13.707856
 175    21.491500
 175   248.466112
 175   248.466112
 175   347.758722
 176    13.786177
 176    13.786177
 176    21.614893
 176   248.465455
 176   248.465455
 176   347.754991
 177    13.864490
 177    13.864490
 177    21.738284
 177   248.464794
 177   248.464794
 177   347.751240
 178    13.942796
 178    13.942796
 178    21.861672
 178   248.464130
 178   248.464130
 178   347.747467
 179    14.021093
 179    14.021093
 179    21.985058
 179   248.463462
 179   248.463462
 179   347.743672
 180    14.099383
 180    14.099383
 180    22.108442
 180   248.462790
 180   248.462790
 180   347.739857
 181    14.177664
 181    14.177664
 181    22.231824
 181   248.462114
 181   248.462114
 181   347.736020
 182    14.255938
 182    14.255938
 182    22.355204
 182   248.461435
 182   248.461435
 182   347.732161
 183    14.334203
 183    14.334203
 183    22.478582
 183   248.460752
 183   248.460752
 183   347.728281
 184    14.412460
 184    14.412460
 184    22.601957
 184   248.460065
 184   248.460065
 184   347.724380
 185    14.490709
 185    14.490709
 185    22.725330
 185   248.459374
 185   248.459374
 185   347.720457
 186    14.568949
 186    14.568949
 186    22.848701
 186   248.458680
 186   248.458680
 186   347.716513
 187    14.647182
 187    14.647182
 187    22.972070
 187   248.457982
 187   248.457982
 187   347.712547
 188    14.725405
 188    14.725405
 188    23.095437
 188   248.457280
 188   248.457280
 188   347.708560
 189    14.803621
 189    14.803621
 189    23.218801
 189   248.456575
 189   248.456575
 189   347.704552
 190    14.881828
 190    14.881828
 190    23.342163
 190   248.455866
 190   248.455866
 190   347.700522
 191    14.960027
 191    14.960027
 191    23.465523
 191   248.455153
 191   248.455153
 191   347.696470
 192    15.038217
 192    15.038217
 192    23.588880
 192   248.454436
 192   248.454436
 192   347.692398
 193    15.116398
 193    15.116398
 193    23.712236
 193   248.453715
 193   248.453716
 193   347.688304
 194    15.194571
 194    15.194571
 194    23.835589
 194   248.452991
 194   248.452991
 194   347.684188
 195    15.272735
 195    15.272735
 195    23.958939
 195   248.452263
 195   248.452264
 195   347.680052
 196    15.350891
 196    15.350891
 196    24.082288
 196   248.451532
 196   248.451532
 196   347.675893
 197    15.429038
 197    15.429038
 197    24.205634
 197   248.450797
 197   248.450797
 197   347.671714
 198    15.507176
 198    15.507176
 198    24.328977
 198   248.450058
 198   248.450058
 198   347.667513
 199    15.585305
 199    15.585305
 199    24.452318
 199   248.449315
 199   248.449315
 199   347.663290
 200    15.663425
 200    15.663425
 200    24.575657
 200   248.448568
 200   248.448568
 200   347.659046
 201    15.741537
 201    15.741537
 201    24.698994
 201   248.447818
 201   248.447818
 201   347.654781
 202    15.819639
 202    15.819639
 202    24.822328
 202   248.447064
 202   248.447064
 202   347.650494
 203    15.897732
 203    15.897732
 203    24.945660
 203   248.446307
 203   248.446307
 203   347.646186
 204    15.975817
 204    15.975817
 204    25.068989
 204   248.445545
 204   248.445545
 204   347.641856
 205    16.053892
 205    16.053892
 205    25.192316
 205   248.444780
 205   248.444780
 205   347.637505
 206    16.131958
 206    16.131958
 206    25.315640
 206   248.444011
 206   248.444011
 206   347.633133
 207    16.210015
 207    16.210015
 207    25.438962
 207   248.443239
 207   248.443239
 207   347.628739
 208    16.288063
 208    16.288063
 208    25.562281
 208   248.442463
 208   248.442463
 208   347.624324
 209    16.366101
 209    16.366101
 209    25.685598
 209   248.441683
 209   248.441683
 209   347.619888
 210    16.444130
 210    16.444130
 210    25.808913
 210   248.440899
 210   248.440899
 210   347.615429
 211    16.522150
 211    16.522150
 211    25.932225
 211   248.440112
 211   248.440112
 211   347.610950
 212    16.600161
 212    16.600161
 212    26.055534
 212   248.439320
 212   248.439321
 212   347.606449
 213    16.678162
 213    16.678162
 213    26.178841
 213   248.438526
 213   248.438526
 213   347.601927
 214    16.756153
 214    16.756153
 214    26.302145
 214   248.437727
 214   248.437727
 214   347.597383
 215    16.834135
 215    16.834135
 215    26.425447
 215   248.436925
 215   248.436925
 215   347.592818
 216    16.912107
 216    16.912107
 216    26.548746
 216   248.436119
 216   248.436119
 216   347.588232
 217    16.990070
 217    16.990070
 217    26.672043
 217   248.435309
 217   248.435309
 217   347.583624
 218    17.068023
 218    17.068023
 218    26.795337
 218   248.434496
 218   248.434496
 218   347.578994
 219    17.145967
 219    17.145967
 219    26.918628
 219   248.433679
 219   248.433679
 219   347.574343
 220    17.223900
 220    17.223900
 220    27.041917
 220   248.432858
 220   248.432858
 220   347.569671
 221    17.301824
 221    17.301824
 221    27.165203
 221   248.432033
 221   248.432034
 221   347.564978
 222    17.379738
 222    17.379738
 222    27.288486
 222   248.431205
 222   248.431205
 222   347.560263
 223    17.457642
 223    17.457642
 223    27.411767
 223   248.430373
 223   248.430373
 223   347.555526
 224    17.535537
 224    17.535537
 224    27.535046
 224   248.429538
 224   248.429538
 224   347.550768
 225    17.613421
 225    17.613421
 225    27.658321
 225   248.428698
 225   248.428698
 225   347.545989
 226    17.691295
 226    17.691295
 226    27.781594
 226   248.427855
 226   248.427855
 226   347.541188
 227    17.769159
 227    17.769159
 227    27.904864
 227   248.427009
 227   248.427009
 227   347.536366
 228    17.847014
 228    17.847014
 228    28.028131
 228   248.426158
 228   248.426158
 228   347.531522
 229    17.924858
 229    17.924858
 229    28.151396
 229   248.425304
 229   248.425304
 229   347.526657
 230    18.002692
 230    18.002692
 230    28.274658
 230   248.424446
 230   248.424446
 230   347.521771
 231    18.080515
 231    18.080515
 231    28.397917
 231   248.423584
 231   248.423584
 231   347.516863
 232    18.158329
 232    18.158329
 232    28.521173
 232   248.422719
 232   248.422719
 232   347.511934
 233    18.236132
 233    18.236132
 233    28.644427
 233   248.421850
 233   248.421850
 233   347.506983
 234    18.313924
 234    18.313924
 234    28.767678
 234   248.420977
 234   248.420978
 234   347.502011
 235    18.391707
 235    18.391707
 235    28.890926
 235   248.420101
 235   248.420101
 235   347.497017
 236    18.469479
 236    18.469479
 236    29.014171
 236   248.419221
 236   248.419221
 236   347.492002
 237    18.547240
 237    18.547240
 237    29.137413
 237   248.418337
 237   248.418337
 237   347.486966
 238    18.624991
 238    18.624991
 238    29.260653
 238   248.417450
 238   248.417450
 238   347.481908
 239    18.702731
 239    18.702731
 239    29.383890
 239   248.416559
 239   248.416559
 239   347.476829
 240    18.780461
 240    18.780461
 240    29.507124
 240   248.415664
 240   248.415664
 240   347.471728
 241    18.858180
 241    18.858180
 241    29.630354
 241   248.414765
 241   248.414765
 241   347.466606
 242    18.935888
 242    18.935888
 242    29.753583
 242   248.413863
 242   248.413863
 242   347.461462
 243    19.013586
 243    19.013586
 243    29.876808
 243   248.412957
 243   248.412957
 243   347.456297
 244    19.091273
 244    19.091273
 244    30.000030
 244   248.412047
 244   248.412047
 244   347.451111
 245    19.168949
 245    19.168949
 245    30.123249
 245   248.411134
 245   248.411134
 245   347.445903
 246    19.246614
 246    19.246614
 246    30.246466
 246   248.410217
 246   248.410217
 246   347.440674
 247    19.324269
 247    19.324269
 247    30.369679
 247   248.409296
 247   248.409296
 247   347.435423
 248    19.401912
 248    19.401912
 248    30.492890
 248   248.408372
 248   248.408372
 248   347.430151
 249    19.479544
 249    19.479544
 249    30.616097
 249   248.407444
 249   248.407444
 249   347.424857
 250    19.557166
 250    19.557166
 250    30.739302
 250   248.406512
 250   248.406512
 250   347.419542
 251    19.634776
 251    19.634776
 251    30.862503
 251   248.405576
 251   248.405576
 251   347.414205
 252    19.712375
 252    19.712375
 252    30.985702
 252   248.404637
 252   248.404637
 252   347.408847
 253    19.789963
 253    19.789963
 253    31.108897
 253   248.403694
 253   248.403694
 253   347.403468
 254    19.867540
 254    19.867540
 254    31.232089
 254   248.402748
 254   248.402748
 254   347.398067
 255    19.945105
 255    19.945105
 255    31.355279
 255   248.401798
 255   248.401798
 255   347.392645
 256    20.022660
 256    20.022660
 256    31.478465
 256   248.400844
 256   248.400844
 256   347.387201
 257    20.100203
 257    20.100203
 257    31.601648
 257   248.399886
 257   248.399886
 257   347.381736
 258    20.177734
 258    20.177734
 258    31.724829
 258   248.398925
 258   248.398925
 258   347.376249
 259    20.255254
 259    20.255254
 259    31.848006
 259   248.397960
 259   248.397960
 259   347.370741
 260    20.332763
 260    20.332763
 260    31.971180
 260   248.396991
 260   248.396991
 260   347.365212
 261    20.410260
 261    20.410260
 261    32.094351
 261   248.396019
 261   248.396019
 261   347.359661
 262    20.487746
 262    20.487746
 262    32.217518
 262   248.395043
 262   248.395043
 262   347.354088
 263    20.565220
 263    20.565220
 263    32.340683
 263   248.394063
 263   248.394063
 263   347.348495
 264    20.642682
 264    20.642682
 264    32.463844
 264   248.393080
 264   248.393080
 264   347.342879
 265    20.720133
 265    20.720133
 265    32.587003
 265   248.392093
 265   248.392093
 265   347.337243
 266    20.797572
 266    20.797572
 266    32.710158
 266   248.391102
 266   248.391102
 266   347.331584
 267    20.874999
 267    20.874999
 267    32.833310
 267   248.390108
 267   248.390108
 267   347.325905
 268    20.952415
 268    20.952415
 268    32.956458
 268   248.389109
 268   248.389110
 268   347.320204
 269    21.029819
 269    21.029819
 269    33.079604
 269   248.388108
 269   248.388108
 269   347.314481
 270    21.107210
 270    21.107210
 270    33.202746
 270   248.387102
 270   248.387102
 270   347.308737
 271    21.184590
 271    21.184590
 271    33.325885
 271   248.386093
 271   248.386093
 271   347.302972
 272    21.261958
 272    21.261958
 272    33.449021
 272   248.385080
 272   248.385080
 272   347.297185
 273    21.339314
 273    21.339314
 273    33.572153
 273   248.384064
 273   248.384064
 273   347.291376
 274    21.416658
 274    21.416658
 274    33.695282
 274   248.383044
 274   248.383044
 274   347.285547
 275    21.493990
 275    21.493990
 275    33.818408
 275   248.382020
 275   248.382020
 275   347.279695
 276    21.571309
 276    21.571309
 276    33.941531
 276   248.380993
 276   248.380993
 276   347.273823
 277    21.648617
 277    21.648617
 277    34.064650
 277   248.379962
 277   248.379962
 277   347.267928
 278    21.725912
 278    21.725912
 278    34.187766
 278   248.378927
 278   248.378927
 278   347.262013
 279    21.803195
 279    21.803195
 279    34.310878
 279   248.377888
 279   248.377888
 279   347.256076
 280    21.880465
 280    21.880465
 280    34.433988
 280   248.376846
 280   248.376846
 280   347.250117
 281    21.957724
 281    21.957724
 281    34.557093
 281   248.375800
 281   248.375800
 281   347.244137
 282    22.034970
 282    22.034970
 282    34.680196
 282   248.374751
 282   248.374751
 282   347.238136
 283    22.112203
 283    22.112203
 283    34.803295
 283   248.373698
 283   248.373698
 283   347.232113
 284    22.189424
 284    22.189424
 284    34.926391
 284   248.372641
 284   248.372641
 284   347.226068
 285    22.266633
 285    22.266633
 285    35.049483
 285   248.371581
 285   248.371581
 285   347.220003
 286    22.343829
 286    22.343829
 286    35.172572
 286   248.370517
 286   248.370517
 286   347.213915
 287    22.421012
 287    22.421012
 287    35.295657
 287   248.369449
 287   248.369449
 287   347.207806
 288    22.498183
 288    22.498183
 288    35.418739
 288   248.368377
 288   248.368377
 288   347.201676
 289    22.575341
 289    22.575341
 289    35.541818
 289   248.367302
 289   248.367302
 289   347.195525
 290    22.652486
 290    22.652486
 290    35.664893
 290   248.366224
 290   248.366224
 290   347.189351
 291    22.729619
 291    22.729619
 291    35.787964
 291   248.365141
 291   248.365141
 291   347.183157
 292    22.806739
 292    22.806739
 292    35.911032
 292   248.364055
 292   248.364055
 292   347.176941
 293    22.883846
 293    22.883846
 293    36.034097
 293   248.362966
 293   248.362966
 293   347.170703
 294    22.960940
 294    22.960940
 294    36.157158
 294   248.361872
 294   248.361872
 294   347.164444
 295    23.038021
 295    23.038021
 295    36.280215
 295   248.360775
 295   248.360775
 295   347.158163
 296    23.115089
 296    23.115089
 296    36.403269
 296   248.359675
 296   248.359675
 296   347.151861
 297    23.192144
 297    23.192144
 297    36.526319
 297   248.358570
 297   248.358570
 297   347.145538
 298    23.269186
 298    23.269186
 298    36.649366
 298   248.357462
 298   248.357462
 298   347.139193
 299    23.346215
 299    23.346215
 299    36.772409
 299   248.356351
 299   248.356351
 299   347.132827
 300    23.423231
 300    23.423231
 300    36.895449
 300   248.355236
 300   248.355236
 300   347.126439
 301    23.500234
 301    23.500234
 301    37.018485
 301   248.354117
 301   248.354117
 301   347.120029
 302    23.577224
 302    23.577224
 302    37.141517
 302   248.352994
 302   248.352994
 302   347.113598
 303    23.654200
 303    23.654200
 303    37.264546
 303   248.351868
 303   248.351868
 303   347.107146
 304    23.731163
 304    23.731163
 304    37.387571
 304   248.350738
 304   248.350738
 304   347.100672
 305    23.808112
 305    23.808112
 305    37.510592
 305   248.349605
 305   248.349605
 305   347.094177
 306    23.885049
 306    23.885049
 306    37.633610
 306   248.348468
 306   248.348468
 306   347.087660
 307    23.961971
 307    23.961971
 307    37.756624
 307   248.347327
 307   248.347327
 307   347.081122
 308    24.038881
 308    24.038881
 308    37.879634
 308   248.346182
 308   248.346183
 308   347.074562
 309    24.115776
 309    24.115776
 309    38.002641
 309   248.345034
 309   248.345034
 309   347.067981
 310    24.192659
 310    24.192659
 310    38.125644
 310   248.343883
 310   248.343883
 310   347.061378
 311    24.269527
 311    24.269527
 311    38.248643
 311   248.342727
 311   248.342728
 311   347.054754
 312    24.346382
 312    24.346382
 312    38.371638
 312   248.341569
 312   248.341569
 312   347.048109
 313    24.423224
 313    24.423224
 313    38.494630
 313   248.340406
 313   248.340406
 313   347.041441
 314    24.500051
 314    24.500051
 314    38.617617
 314   248.339240
 314   248.339240
 314   347.034753
 315    24.576865
 315    24.576865
 315    38.740602
 315   248.338070
 315   248.338070
 315   347.028043
 316    24.653666
 316    24.653666
 316    38.863582
 316   248.336896
 316   248.336897
 316   347.021311
 317    24.730452
 317    24.730452
 317    38.986558
 317   248.335719
 317   248.335719
 317   347.014558
 318    24.807224
 318    24.807224
 318    39.109531
 318   248.334539
 318   248.334539
 318   347.007783
 319    24.883983
 319    24.883983
 319    39.232500
 319   248.333354
 319   248.333354
 319   347.000987
 320    24.960727
 320    24.960727
 320    39.355465
 320   248.332166
 320   248.332166
 320   346.994170
 321    25.037458
 321    25.037458
 321    39.478426
 321   248.330975
 321   248.330975
 321   346.987331
 322    25.114174
 322    25.114174
 322    39.601383
 322   248.329779
 322   248.329780
 322   346.980470
 323    25.190877
 323    25.190877
 323    39.724336
 323   248.328581
 323   248.328581
 323   346.973588
 324    25.267565
 324    25.267565
 324    39.847286
 324   248.327378
 324   248.327378
 324   346.966685
 325    25.344239
 325    25.344239
 325    39.970231
 325   248.326172
 325   248.326172
 325   346.959760
 326    25.420899
 326    25.420899
 326    40.093173
 326   248.324962
 326   248.324962
 326   346.952813
 327    25.497545
 327    25.497545
 327    40.216110
 327   248.323749
 327   248.323749
 327   346.945845
 328    25.574176
 328    25.574176
 328    40.339044
 328   248.322532
 328   248.322532
 328   346.938855
 329    25.650793
 329    25.650793
 329    40.461974
 329   248.321311
 329   248.321311
 329   346.931844
 330    25.727396
 330    25.727396
 330    40.584900
 330   248.320087
 330   248.320087
 330   346.924812
 331    25.803984
 331    25.803984
 331    40.707821
 331   248.318859
 331   248.318859
 331   346.917758
 332    25.880558
 332    25.880558
 332    40.830739
 332   248.317628
 332   248.317628
 332   346.910682
 333    25.957117
 333    25.957117
 333    40.953653
 333   248.316393
 333   248.316393
 333   346.903585
 334    26.033662
 334    26.033662
 334    41.076563
 334   248.315154
 334   248.315154
 334   346.896467
 335    26.110192
 335    26.110192
 335    41.199469
 335   248.313912
 335   248.313912
 335   346.889326
 336    26.186708
 336    26.186708
 336    41.322370
 336   248.312666
 336   248.312666
 336   346.882165
 337    26.263209
 337    26.263209
 337    41.445268
 337   248.311416
 337   248.311417
 337   346.874982
 338    26.339695
 338    26.339695
 338    41.568161
 338   248.310163
 338   248.310163
 338   346.867777
 339    26.416167
 339    26.416167
 339    41.691051
 339   248.308907
 339   248.308907
 339   346.860551
 340    26.492624
 340    26.492624
 340    41.813936
 340   248.307646
 340   248.307646
 340   346.853303
 341    26.569066
 341    26.569066
 341    41.936817
 341   248.306382
 341   248.306382
 341   346.846034
 342    26.645493
 342    26.645493
 342    42.059695
 342   248.305115
 342   248.305115
 342   346.838744
 343    26.721905
 343    26.721905
 343    42.182568
 343   248.303844
 343   248.303844
 343   346.831432
 344    26.798303
 344    26.798303
 344    42.305436
 344   248.302569
 344   248.302569
 344   346.824098
 345    26.874685
 345    26.874685
 345    42.428301
 345   248.301291
 345   248.301291
 345   346.816743
 346    26.951052
 346    26.951052
 346    42.551162
 346   248.300009
 346   248.300009
 346   346.809366
 347    27.027405
 347    27.027405
 347    42.674018
 347   248.298723
 347   248.298723
 347   346.801968
 348    27.103742
 348    27.103742
 348    42.796870
 348   248.297434
 348   248.297434
 348   346.794548
 349    27.180064
 349    27.180064
 349    42.919718
 349   248.296141
 349   248.296141
 349   346.787107
 350    27.256371
 350    27.256371
 350    43.042562
 350   248.294845
 350   248.294845
 350   346.779644
 351    27.332662
 351    27.332662
 351    43.165401
 351   248.293545
 351   248.293545
 351   346.772160
 352    27.408939
 352    27.408939
 352    43.288237
 352   248.292241
 352   248.292241
 352   346.764654
 353    27.485200
 353    27.485200
 353    43.411068
 353   248.290934
 353   248.290934
 353   346.757126
 354    27.561446
 354    27.561446
 354    43.533894
 354   248.289624
 354   248.289624
 354   346.749578
 355    27.637676
 355    27.637676
 355    43.656717
 355   248.288309
 355   248.288309
 355   346.742007
 356    27.713891
 356    27.713891
 356    43.779535
 356   248.286991
 356   248.286991
 356   346.734415
 357    27.790091
 357    27.790091
 357    43.902349
 357   248.285670
 357   248.285670
 357   346.726802
 358    27.866275
 358    27.866275
 358    44.025158
 358   248.284345
 358   248.284345
 358   346.719167
 359    27.942443
 359    27.942443
 359    44.147963
 359   248.283016
 359   248.283016
 359   346.711510
 360    28.018596
 360    28.018596
 360    44.270764
 360   248.281684
 360   248.281684
 360   346.703832
 361    28.094734
 361    28.094734
 361    44.393561
 361   248.280348
 361   248.280348
 361   346.696132
 362    28.170855
 362    28.170855
 362    44.516353
 362   248.279009
 362   248.279009
 362   346.688411
 363    28.246961
 363    28.246961
 363    44.639140
 363   248.277666
 363   248.277666
 363   346.680669
 364    28.323051
 364    28.323051
 364    44.761924
 364   248.276319
 364   248.276319
 364   346.672904
 365    28.399126
 365    28.399126
 365    44.884703
 365   248.274969
 365   248.274969
 365   346.665119
 366    28.475185
 366    28.475185
 366    45.007477
 366   248.273615
 366   248.273615
 366   346.657311
 367    28.551227
 367    28.551227
 367    45.130247
 367   248.272258
 367   248.272258
 367   346.649483
 368    28.627254
 368    28.627254
 368    45.253013
 368   248.270897
 368   248.270897
 368   346.641632
 369    28.703265
 369    28.703265
 369    45.375774
 369   248.269533
 369   248.269533
 369   346.633760
 370    28.779260
 370    28.779260
 370    45.498531
 370   248.268165
 370   248.268165
 370   346.625867
 371    28.855239
 371    28.855239
 371    45.621283
 371   248.266793
 371   248.266793
 371   346.617952
 372    28.931202
 372    28.931202
 372    45.744031
 372   248.265418
 372   248.265418
 372   346.610015
 373    29.007149
 373    29.007149
 373    45.866774
 373   248.264039
 373   248.264039
 373   346.602057
 374    29.083697
 374    29.083697
 374    45.990510
 374   248.262645
 374   248.262645
 374   346.594013
 375    29.160229
 375    29.160229
 375    46.114242
 375   248.261248
 375   248.261248
 375   346.585946
 376    29.236744
 376    29.236744
 376    46.237969
 376   248.259847
 376   248.259848
 376   346.577858
 377    29.313243
 377    29.313243
 377    46.361692
 377   248.258443
 377   248.258443
 377   346.569747
 378    29.389725
 378    29.389725
 378    46.485410
 378   248.257035
 378   248.257035
 378   346.561615
 379    29.466190
 379    29.466190
 379    46.609124
 379   248.255623
 379   248.255623
 379   346.553461
 380    29.542639
 380    29.542639
 380    46.732832
 380   248.254208
 380   248.254208
 380   346.545285
 381    29.619071
 381    29.619071
 381    46.856536
 381   248.252789
 381   248.252789
 381   346.537087
 382    29.695487
 382    29.695487
 382    46.980236
 382   248.251367
 382   248.251367
 382   346.528867
 383    29.771885
 383    29.771885
 383    47.103930
 383   248.249940
 383   248.249940
 383   346.520625
 384    29.848267
 384    29.848267
 384    47.227620
 384   248.248511
 384   248.248511
 384   346.512362
 385    29.924632
 385    29.924632
 385    47.351305
 385   248.247077
 385   248.247077
 385   346.504076
 386    30.000980
 386    30.000980
 386    47.474986
 386   248.245640
 386   248.245640
 386   346.495769
 387    30.077312
 387    30.077312
 387    47.598661
 387   248.244200
 387   248.244200
 387   346.487439
 388    30.153626
 388    30.153626
 388    47.722332
 388   248.242756
 388   248.242756
 388   346.479088
 389    30.229923
 389    30.229923
 389    47.845998
 389   248.241308
 389   248.241308
 389   346.470714
 390    30.306204
 390    30.306204
 390    47.969659
 390   248.239856
 390   248.239856
 390   346.462319
 391    30.382467
 391    30.382467
 391    48.093316
 391   248.238401
 391   248.238401
 391   346.453902
 392    30.458713
 392    30.458713
 392    48.216967
 392   248.236943
 392   248.236943
 392   346.445463
 393    30.534942
 393    30.534942
 393    48.340614
 393   248.235480
 393   248.235480
 393   346.437002
 394    30.611154
 394    30.611154
 394    48.464256
 394   248.234015
 394   248.234015
 394   346.428519
 395    30.687348
 395    30.687348
 395    48.587893
 395   248.232545
 395   248.232545
 395   346.420015
 396    30.763525
 396    30.763525
 396    48.711526
 396   248.231072
 396   248.231072
 396   346.411488
 397    30.839685
 397    30.839685
 397    48.835153
 397   248.229596
 397   248.229596
 397   346.402939
 398    30.915828
 398    30.915828
 398    48.958775
 398   248.228115
 398   248.228115
 398   346.394369
 399    30.991953
 399    30.991953
 399    49.082393
 399   248.226632
 399   248.226632
 399   346.385776
 400    31.068061
 400    31.068061
 400    49.206005
 400   248.225144
 400   248.225144
 400   346.377162
 401    31.144151
 401    31.144151
 401    49.329613
 401   248.223653
 401   248.223653
 401   346.368525
 402    31.220224
 402    31.220224
 402    49.453216
 402   248.222159
 402   248.222159
 402   346.359867
 403    31.296279
 403    31.296279
 403    49.576813
 403   248.220660
 403   248.220660
 403   346.351187
 404    31.372317
 404    31.372317
 404    49.700406
 404   248.219159
 404   248.219159
 404   346.342484
 405    31.448337
 405    31.448337
 405    49.823994
 405   248.217653
 405   248.217653
 405   346.333760
 406    31.524339
 406    31.524339
 406    49.947576
 406   248.216144
 406   248.216144
 406   346.325014
 407    31.600324
 407    31.600324
 407    50.071154
 407   248.214632
 407   248.214632
 407   346.316246
 408    31.676291
 408    31.676291
 408    50.194727
 408   248.213116
 408   248.213116
 408   346.307456
 409    31.752240
 409    31.752240
 409    50.318294
 409   248.211596
 409   248.211596
 409   346.298644
 410    31.828171
 410    31.828171
 410    50.441857
 410   248.210073
 410   248.210073
 410   346.289810
 411    31.904085
 411    31.904085
 411    50.565415
 411   248.208546
 411   248.208546
 411   346.280954
 412    31.979980
 412    31.979980
 412    50.688967
 412   248.207016
 412   248.207016
 412   346.272077
 413    32.055858
 413    32.055858
 413    50.812514
 413   248.205482
 413   248.205482
 413   346.263177
 414    32.131718
 414    32.131718
 414    50.936056
 414   248.203944
 414   248.203944
 414   346.254255
 415    32.207559
 415    32.207559
 415    51.059594
 415   248.202403
 415   248.202403
 415   346.245312
 416    32.283383
 416    32.283383
 416    51.183126
 416   248.200858
 416   248.200858
 416   346.236346
 417    32.359188
 417    32.359188
 417    51.306652
 417   248.199310
 417   248.199310
 417   346.227359
 418    32.434975
 418    32.434975
 418    51.430174
 418   248.197758
 418   248.197758
 418   346.218349
 419    32.510745
 419    32.510745
 419    51.553690
 419   248.196203
 419   248.196203
 419   346.209318
 420    32.586495
 420    32.586495
 420    51.677202
 420   248.194644
 420   248.194644
 420   346.200264
 421    32.662228
 421    32.662228
 421    51.800708
 421   248.193081
 421   248.193081
 421   346.191189
 422    32.737942
 422    32.737942
 422    51.924209
 422   248.191515
 422   248.191515
 422   346.182091
 423    32.813639
 423    32.813639
 423    52.047704
 423   248.189945
 423   248.189946
 423   346.172972
 424    32.889316
 424    32.889316
 424    52.171195
 424   248.188372
 424   248.188372
 424   346.163831
 425    32.964975
 425    32.964975
 425    52.294680
 425   248.186795
 425   248.186796
 425   346.154668
 426    33.040616
 426    33.040616
 426    52.418160
 426   248.185215
 426   248.185215
 426   346.145482
 427    33.116239
 427    33.116239
 427    52.541634
 427   248.183631
 427   248.183631
 427   346.136275
 428    33.191842
 428    33.191842
 428    52.665104
 428   248.182044
 428   248.182044
 428   346.127046
 429    33.267428
 429    33.267428
 429    52.788568
 429   248.180453
 429   248.180453
 429   346.117795
 430    33.342994
 430    33.342994
 430    52.912027
 430   248.178858
 430   248.178858
 430   346.108522
 431    33.418542
 431    33.418542
 431    53.035480
 431   248.177260
 431   248.177260
 431   346.099227
 432    33.494072
 432    33.494072
 432    53.158928
 432   248.175659
 432   248.175659
 432   346.089910
 433    33.569582
 433    33.569582
 433    53.282371
 433   248.174053
 433   248.174054
 433   346.080571
 434    33.645074
 434    33.645074
 434    53.405808
 434   248.172445
 434   248.172445
 434   346.071210
 435    33.720547
 435    33.720547
 435    53.529240
 435   248.170832
 435   248.170833
 435   346.061827
 436    33.796001
 436    33.796001
 436    53.652666
 436   248.169217
 436   248.169217
 436   346.052422
 437    33.871437
 437    33.871437
 437    53.776088
 437   248.167597
 437   248.167597
 437   346.042995
 438    33.946853
 438    33.946853
 438    53.899503
 438   248.165974
 438   248.165975
 438   346.033546
 439    34.022251
 439    34.022251
 439    54.022914
 439   248.164348
 439   248.164348
 439   346.024075
 440    34.097629
 440    34.097629
 440    54.146318
 440   248.162718
 440   248.162718
 440   346.014582
 441    34.172989
 441    34.172989
 441    54.269718
 441   248.161085
 441   248.161085
 441   346.005067
 442    34.248329
 442    34.248329
 442    54.393112
 442   248.159448
 442   248.159448
 442   345.995530
 443    34.323650
 443    34.323650
 443    54.516500
 443   248.157807
 443   248.157807
 443   345.985971
 444    34.398952
 444    34.398952
 444    54.639883
 444   248.156163
 444   248.156163
 444   345.976390
 445    34.474235
 445    34.474235
 445    54.763260
 445   248.154515
 445   248.154515
 445   345.966787
 446    34.549499
 446    34.549499
 446    54.886632
 446   248.152864
 446   248.152864
 446   345.957162
 447    34.624744
 447    34.624744
 447    55.009999
 447   248.151210
 447   248.151210
 447   345.947515
 448    34.699969
 448    34.699969
 448    55.133360
 448   248.149551
 448   248.149551
 448   345.937846
 449    34.775175
 449    34.775175
 449    55.256715
 449   248.147890
 449   248.147890
 449   345.928155
 450    34.850361
 450    34.850361
 450    55.380064
 450   248.146224
 450   248.146225
 450   345.918442
 451    34.925529
 451    34.925529
 451    55.503409
 451   248.144556
 451   248.144556
 451   345.908707
 452    35.000676
 452    35.000676
 452    55.626747
 452   248.142884
 452   248.142884
 452   345.898950
 453    35.075805
 453    35.075805
 453    55.750080
 453   248.141208
 453   248.141208
 453   345.889171
 454    35.150913
 454    35.150913
 454    55.873407
 454   248.139528
 454   248.139529
 454   345.879370
 455    35.226002
 455    35.226002
 455    55.996729
 455   248.137846
 455   248.137846
 455   345.869547
 456    35.301072
 456    35.301072
 456    56.120045
 456   248.136159
 456   248.136159
 456   345.859702
 457    35.376122
 457    35.376122
 457    56.243355
 457   248.134470
 457   248.134470
 457   345.849835
 458    35.451152
 458    35.451152
 458    56.366660
 458   248.132776
 458   248.132776
 458   345.839946
 459    35.526163
 459    35.526163
 459    56.489958
 459   248.131079
 459   248.131080
 459   345.830035
 460    35.601153
 460    35.601153
 460    56.613252
 460   248.129379
 460   248.129379
 460   345.820102
 461    35.676124
 461    35.676124
 461    56.736539
 461   248.127675
 461   248.127675
 461   345.810147
 462    35.751076
 462    35.751076
 462    56.859821
 462   248.125968
 462   248.125968
 462   345.800169
 463    35.826007
 463    35.826007
 463    56.983097
 463   248.124257
 463   248.124257
 463   345.790170
 464    35.900918
 464    35.900918
 464    57.106367
 464   248.122543
 464   248.122543
 464   345.780149
 465    35.975810
 465    35.975810
 465    57.229632
 465   248.120825
 465   248.120825
 465   345.770106
 466    36.050682
 466    36.050682
 466    57.352890
 466   248.119104
 466   248.119104
 466   345.760040
 467    36.125533
 467    36.125533
 467    57.476143
 467   248.117379
 467   248.117379
 467   345.749953
 468    36.200365
 468    36.200365
 468    57.599390
 468   248.115651
 468   248.115651
 468   345.739844
 469    36.275176
 469    36.275176
 469    57.722632
 469   248.113919
 469   248.113919
 469   345.729712
 470    36.349967
 470    36.349967
 470    57.845867
 470   248.112184
 470   248.112184
 470   345.719559
 471    36.424739
 471    36.424739
 471    57.969097
 471   248.110445
 471   248.110445
 471   345.709383
 472    36.499489
 472    36.499489
 472    58.092320
 472   248.108703
 472   248.108703
 472   345.699186
 473    36.574220
 473    36.574220
 473    58.215538
 473   248.106957
 473   248.106957
 473   345.688966
 474    36.648931
 474    36.648931
 474    58.338750
 474   248.105208
 474   248.105208
 474   345.678724
 475    36.723621
 475    36.723621
 475    58.461956
 475   248.103455
 475   248.103455
 475   345.668461
 476    36.798291
 476    36.798291
 476    58.585157
 476   248.101699
 476   248.101699
 476   345.658175
 477    36.872940
 477    36.872940
 477    58.708351
 477   248.099939
 477   248.099939
 477   345.647867
 478    36.947569
 478    36.947569
 478    58.831539
 478   248.098176
 478   248.098176
 478   345.637537
 479    37.022178
 479    37.022178
 479    58.954721
 479   248.096410
 479   248.096410
 479   345.627185
 480    37.096766
 480    37.096766
 480    59.077898
 480   248.094640
 480   248.094640
 480   345.616811
 481    37.171333
 481    37.171333
 481    59.201068
 481   248.092866
 481   248.092866
 481   345.606415
 482    37.245880
 482    37.245880
 482    59.324233
 482   248.091089
 482   248.091089
 482   345.595997
 483    37.320407
 483    37.320407
 483    59.447391
 483   248.089309
 483   248.089309
 483   345.585557
 484    37.394913
 484    37.394913
 484    59.570543
 484   248.087525
 484   248.087525
 484   345.575095
 485    37.469398
 485    37.469398
 485    59.693690
 485   248.085737
 485   248.085737
 485   345.564610
 486    37.543862
 486    37.543862
 486    59.816830
 486   248.083947
 486   248.083947
 486   345.554104
 487    37.618306
 487    37.618306
 487    59.939964
 487   248.082152
 487   248.082152
 487   345.543575
 488    37.692729
 488    37.692729
 488    60.063092
 488   248.080354
 488   248.080355
 488   345.533025
 489    37.767131
 489    37.767131
 489    60.186215
 489   248.078553
 489   248.078553
 489   345.522452
 490    37.841512
 490    37.841512
 490    60.309331
 490   248.076749
 490   248.076749
 490   345.511857
 491    37.915872
 491    37.915872
 491    60.432440
 491   248.074941
 491   248.074941
 491   345.501241
 492    37.990212
 492    37.990212
 492    60.555544
 492   248.073129
 492   248.073129
 492   345.490602
 493    38.064530
 493    38.064530
 493    60.678642
 493   248.071314
 493   248.071314
 493   345.479941
 494    38.138827
 494    38.138827
 494    60.801733
 494   248.069496
 494   248.069496
 494   345.469258
 495    38.213104
 495    38.213104
 495    60.924819
 495   248.067674
 495   248.067674
 495   345.458553
 496    38.287359
 496    38.287359
 496    61.047898
 496   248.065848
 496   248.065848
 496   345.447825
