# Total Phonon DOS 
# Structure number  1
    0.00000    0.25000000
    4.36556    0.00000000
    8.73112    0.00000000
   13.09669    0.00000000
   17.46225    0.00000000
   21.82781    0.00000000
   26.19337    0.00000000
   30.55893    0.00000000
   34.92450    0.00000000
   39.29006    0.00000000
   43.65562    0.00000000
   48.02118    0.00000000
   52.38674    0.00000000
   56.75231    0.00000000
   61.11787    0.00000000
   65.48343    0.00000000
   69.84899    0.00000000
   74.21455    0.00000000
   78.58011    0.00000000
   82.94568    0.00000000
   87.31124    0.12500000
   91.67680    0.00000000
   96.04236    0.00000000
  100.40792    0.00000000
  104.77349    0.00000000
  109.13905    0.00000000
  113.50461    0.00000000
  117.87017    0.00000000
  122.23573    0.00000000
  126.60130    0.00000000
  130.96686    0.00000000
  135.33242    0.00000000
  139.69798    0.00000000
  144.06354    0.00000000
  148.42911    0.00000000
  152.79467    0.00000000
  157.16023    0.00000000
  161.52579    0.00000000
  165.89135    0.00000000
  170.25692    0.00000000
  174.62248    0.00000000
  178.98804    0.00000000
  183.35360    0.00000000
  187.71916    0.00000000
  192.08473    0.00000000
  196.45029    0.00000000
  200.81585    0.00000000
  205.18141    0.00000000
  209.54697    0.00000000
  213.91253    0.00000000
  218.27810    0.00000000
  222.64366    0.00000000
  227.00922    0.00000000
  231.37478    0.00000000
  235.74034    0.06250000
  240.10591    0.12500000
  244.47147    0.37500000
  248.83703    0.00000000
  253.20259    0.00000000
  257.56815    0.00000000
  261.93372    0.00000000
  266.29928    0.00000000
  270.66484    0.00000000
  275.03040    0.06250000
