# Total Phonon DOS 
# Structure number  1
    0.00000    0.00547945
    8.27315    0.01917808
   16.54630    0.01917808
   24.81946    0.01643836
   33.09261    0.01917808
   41.36576    0.02465753
   49.63891    0.02191781
   57.91206    0.00821918
   66.18522    0.03013699
   74.45837    0.02465753
   82.73152    0.03013699
   91.00467    0.07123288
   99.27782    0.02191781
  107.55098    0.01369863
  115.82413    0.02191781
  124.09728    0.01643836
  132.37043    0.01917808
  140.64359    0.03561644
  148.91674    0.00547945
  157.18989    0.00821918
  165.46304    0.01506849
  173.73619    0.00273973
  182.00935    0.00273973
  190.28250    0.00273973
  198.55565    0.00821918
  206.82880    0.03835616
  215.10195    0.03561644
  223.37511    0.05479452
  231.64826    0.07123288
  239.92141    0.02465753
  248.19456    0.02465753
  256.46771    0.02465753
  264.74087    0.01369863
  273.01402    0.02465753
  281.28717    0.02739726
  289.56032    0.00547945
  297.83347    0.00547945
  306.10663    0.00273973
  314.37978    0.00273973
  322.65293    0.00547945
  330.92608    0.00547945
  339.19924    0.00000000
  347.47239    0.00000000
  355.74554    0.00273973
  364.01869    0.00821918
  372.29184    0.00821918
  380.56500    0.00547945
  388.83815    0.00273973
  397.11130    0.00547945
  405.38445    0.00000000
  413.65760    0.00547945
  421.93076    0.00273973
  430.20391    0.00273973
  438.47706    0.00273973
  446.75021    0.00547945
  455.02336    0.00273973
  463.29652    0.00273973
  471.56967    0.00547945
  479.84282    0.01780822
  488.11597    0.01369863
  496.38912    0.01095890
  504.66228    0.01095890
  512.93543    0.01643836
  521.20858    0.03561644
